$ 1 0.000005 10.20027730826997 50 5 50
207 80 -144 64 -144 4 COIL
207 80 -176 64 -176 4 COM\s2
207 112 -192 128 -192 4 NC\s2
207 112 -160 128 -160 4 NO\s2
207 112 -208 128 -208 4 NO\s1
207 112 -240 128 -240 4 NC\s1
207 80 -224 64 -224 4 COM\s1
178 80 -176 112 -176 0 2 0.2 0 0.05 1000000 0.02 125
x 40 -267 173 -264 4 24 DPDT\sRelay
. DPDT\sRelay 0 3 4 7 COIL 1 1 1 COM\s1 13 0 2 COM\s2 3 2 2 NC\s1 11 0 3 NC\s2 5 2 3 NO\s1 9 1 3 NO\s2 7 3 3 RelayElm\s3\s5\s7\s13\s11\s9\s1\s15\rGroundElm\s15 0\\s2\\s0.2\\s0\\s0.05\\s1000000\\s0.02\\s125\s0
410 608 80 656 128 1 DPDT\sRelay 0\s2\s0.2\s5.301521302306468e-125\s0.05\s1000000\s0.02\s125 0
x -154 -268 -57 -265 4 24 Pulldown
g -112 -176 -112 -160 0
207 -112 -224 -112 -240 4 pd
. Pulldown 0 1 1 1 pd 36 0 0 GroundElm\s35\rResistorElm\s36\s35 0\s0\\s10000
410 720 224 736 240 1 Pulldown 0 0\s10000
410 752 224 768 240 1 Pulldown 0 0\s10000
410 784 224 800 240 1 Pulldown 0 0\s10000
410 816 224 832 240 1 Pulldown 0 0\s10000
g 80 -128 80 -112 0
r -112 -224 -112 -176 0 10000
L 608 80 576 80 0 0 false 5 0
L 608 144 576 144 0 0 false 5 0
L 672 208 672 240 0 0 false 5 0
M 752 176 768 176 0 2.5
M 784 144 800 144 0 2.5
M 816 112 832 112 0 2.5
M 848 80 864 80 0 2.5
w 736 176 752 176 0
w 752 176 752 192 0
w 736 144 784 144 0
w 784 144 784 192 0
w 816 192 816 112 0
w 816 112 736 112 0
w 736 80 848 80 0
w 848 80 848 192 0
