$ 1 0.000005 10.20027730826997 50 5 50
207 80 -144 64 -144 4 COIL
207 80 -176 64 -176 4 COM\s2
207 112 -192 128 -192 4 NC\s2
207 112 -160 128 -160 4 NO\s2
207 112 -208 128 -208 4 NO\s1
207 112 -240 128 -240 4 NC\s1
207 80 -224 64 -224 4 COM\s1
178 80 -176 112 -176 0 2 0.2 0 0.05 1000000 0.02 125
x 40 -267 173 -264 4 24 DPDT\sRelay
. DPDT\sRelay 0 3 4 7 COIL 1 1 1 COM\s1 13 0 2 COM\s2 3 2 2 NC\s1 11 0 3 NC\s2 5 2 3 NO\s1 9 1 3 NO\s2 7 3 3 RelayElm\s3\s5\s7\s13\s11\s9\s1\s15\rGroundElm\s15 0\\s2\\s0.2\\s0\\s0.05\\s1000000\\s0.02\\s125\s0
410 208 -224 256 -176 1 DPDT\sRelay 0\s2\s0.2\s0\s0.05\s1000000\s0.02\s125 0
g 80 -128 80 -112 0
