$ 1 0.000005 10.20027730826997 50 5 50
x 443 -264 556 -261 4 24 Half\sAdder
. DPDT\sRelay 0 3 4 7 COIL 1 1 1 COM\s1 13 0 2 COM\s2 3 2 2 NC\s1 11 0 3 NC\s2 5 2 3 NO\s1 9 1 3 NO\s2 7 3 3 RelayElm\s3\s5\s7\s13\s11\s9\s1\s15\rGroundElm\s15 0\\s2\\s0.2\\s0\\s0.05\\s1000000\\s0.02\\s125\s0
410 432 -208 480 -160 1 DPDT\sRelay 0\s2\s0.2\s0\s0.05\s1000000\s0.02\s125 0
410 432 -16 480 32 1 DPDT\sRelay 0\s2\s0.2\s0\s0.05\s1000000\s0.02\s125 0
w 560 -176 656 -176 0
w 656 -176 656 80 0
w 656 80 560 80 0
R 432 -144 416 -144 0 0 40 5 0 0 0.5
207 432 48 416 48 4 COUT
207 496 -80 464 -80 4 A
207 496 112 464 112 4 B
w 560 -112 560 -16 0
w 560 -144 592 -144 0
w 592 -144 592 16 0
w 592 16 560 16 0
R 432 -208 416 -208 0 0 40 5 0 0 0.5
207 432 -16 416 -16 4 SUM
. Half\sAdder 0 2 2 4 A 31 0 2 B 40 1 2 COUT 42 1 3 SUM 41 0 3 CustomCompositeElm\s31\s32\s33\s34\s35\s36\s37\rCustomCompositeElm\s40\s41\s42\s37\s43\s35\s36\rRailElm\s33\rRailElm\s32 1\\sDPDT\\\\sRelay\\s0\\\\s2\\\\s0.2\\\\s5.301521302306468e-125\\\\s0.05\\\\s1000000\\\\s0.02\\\\s125\\s0\s1\\sDPDT\\\\sRelay\\s0\\\\s2\\\\s0.2\\\\s5.301521302306468e-125\\\\s0.05\\\\s1000000\\\\s0.02\\\\s125\\s0\s0\\s0\\s40\\s5\\s0\\s0\\s0.5\s0\\s0\\s40\\s5\\s0\\s0\\s0.5
410 704 -208 736 -160 1 Half\sAdder 1\sDPDT\\sRelay\s0\\s2\\s0.2\\s0\\s0.05\\s1000000\\s0.02\\s125\s0 1\sDPDT\\sRelay\s0\\s2\\s0.2\\s0\\s0.05\\s1000000\\s0.02\\s125\s0 0\s0\s40\s5\s0\s0\s0.5 0\s0\s40\s5\s0\s0\s0.5
