$ 1 0.000005 10.20027730826997 50 5 50
. DPDT\sRelay 0 3 4 7 COIL 1 1 1 COM\s1 13 0 2 COM\s2 3 2 2 NC\s1 11 0 3 NC\s2 5 2 3 NO\s1 9 1 3 NO\s2 7 3 3 RelayElm\s3\s5\s7\s13\s11\s9\s1\s15\rGroundElm\s15 0\\s2\\s0.2\\s0\\s0.05\\s1000000\\s0.02\\s125\s0
. Half\sAdder 0 2 2 4 A 31 0 2 B 40 1 2 COUT 42 1 3 SUM 41 0 3 CustomCompositeElm\s31\s32\s33\s34\s35\s36\s37\rCustomCompositeElm\s40\s41\s42\s37\s43\s35\s36\rRailElm\s33\rRailElm\s32 1\\sDPDT\\\\sRelay\\s0\\\\s2\\\\s0.2\\\\s5.301521302306468e-125\\\\s0.05\\\\s1000000\\\\s0.02\\\\s125\\s0\s1\\sDPDT\\\\sRelay\\s0\\\\s2\\\\s0.2\\\\s5.301521302306468e-125\\\\s0.05\\\\s1000000\\\\s0.02\\\\s125\\s0\s0\\s0\\s40\\s5\\s0\\s0\\s0.5\s0\\s0\\s40\\s5\\s0\\s0\\s0.5
. Full\sAdder 0 2 3 5 A 1 1 2 B 2 2 2 CIN 16 0 2 COUT 3 2 3 SUM 17 1 3 CustomCompositeElm\s1\s2\s3\s4\rCustomCompositeElm\s16\s4\s3\s17 1\\sHalf\\\\sAdder\\s1\\\\sDPDT\\\\\\\\sRelay\\\\s0\\\\\\\\s2\\\\\\\\s0.2\\\\\\\\s0\\\\\\\\s0.05\\\\\\\\s1000000\\\\\\\\s0.02\\\\\\\\s125\\\\s0\\s1\\\\sDPDT\\\\\\\\sRelay\\\\s0\\\\\\\\s2\\\\\\\\s0.2\\\\\\\\s0\\\\\\\\s0.05\\\\\\\\s1000000\\\\\\\\s0.02\\\\\\\\s125\\\\s0\\s0\\\\s0\\\\s40\\\\s5\\\\s0\\\\s0\\\\s0.5\\s0\\\\s0\\\\s40\\\\s5\\\\s0\\\\s0\\\\s0.5\s1\\sHalf\\\\sAdder\\s1\\\\sDPDT\\\\\\\\sRelay\\\\s0\\\\\\\\s2\\\\\\\\s0.2\\\\\\\\s0\\\\\\\\s0.05\\\\\\\\s1000000\\\\\\\\s0.02\\\\\\\\s125\\\\s0\\s1\\\\sDPDT\\\\\\\\sRelay\\\\s0\\\\\\\\s2\\\\\\\\s0.2\\\\\\\\s0.000009997487631352257\\\\\\\\s0.05\\\\\\\\s1000000\\\\\\\\s0.02\\\\\\\\s125\\\\s0\\s0\\\\s0\\\\s40\\\\s5\\\\s0\\\\s0\\\\s0.5\\s0\\\\s0\\\\s40\\\\s5\\\\s0\\\\s0\\\\s0.5
410 112 -176 144 -144 1 Full\sAdder 1\sHalf\\sAdder\s1\\sDPDT\\\\sRelay\\s0\\\\s2\\\\s0.2\\\\s0.0020259479104152473\\\\s0.05\\\\s1000000\\\\s0.02\\\\s125\\s0\s1\\sDPDT\\\\sRelay\\s0\\\\s2\\\\s0.2\\\\s4.487943891582102e-7\\\\s0.05\\\\s1000000\\\\s0.02\\\\s125\\s0\s0\\s0\\s40\\s5\\s0\\s0\\s0.5\s0\\s0\\s40\\s5\\s0\\s0\\s0.5 1\sHalf\\sAdder\s1\\sDPDT\\\\sRelay\\s0\\\\s2\\\\s0.2\\\\s7.438270626417987e-9\\\\s0.05\\\\s1000000\\\\s0.02\\\\s125\\s0\s1\\sDPDT\\\\sRelay\\s0\\\\s2\\\\s0.2\\\\s0.000009997500125090815\\\\s0.05\\\\s1000000\\\\s0.02\\\\s125\\s0\s0\\s0\\s40\\s5\\s0\\s0\\s0.5\s0\\s0\\s40\\s5\\s0\\s0\\s0.5
410 112 -48 144 -16 1 Full\sAdder 1\sHalf\\sAdder\s1\\sDPDT\\\\sRelay\\s0\\\\s2\\\\s0.2\\\\s0.0013171365147716233\\\\s0.05\\\\s1000000\\\\s0.02\\\\s125\\s0\s1\\sDPDT\\\\sRelay\\s0\\\\s2\\\\s0.2\\\\s0.000007486971907279926\\\\s0.05\\\\s1000000\\\\s0.02\\\\s125\\s0\s0\\s0\\s40\\s5\\s0\\s0\\s0.5\s0\\s0\\s40\\s5\\s0\\s0\\s0.5 1\sHalf\\sAdder\s1\\sDPDT\\\\sRelay\\s0\\\\s2\\\\s0.2\\\\s0.000004999368829682726\\\\s0.05\\\\s1000000\\\\s0.02\\\\s125\\s0\s1\\sDPDT\\\\sRelay\\s0\\\\s2\\\\s0.2\\\\s0.000009997500125090815\\\\s0.05\\\\s1000000\\\\s0.02\\\\s125\\s0\s0\\s0\\s40\\s5\\s0\\s0\\s0.5\s0\\s0\\s40\\s5\\s0\\s0\\s0.5
w 208 -112 208 -80 0
w 208 -80 112 -80 0
w 112 -80 112 -48 0
w 112 48 112 80 0
w 208 48 112 48 0
w 208 16 208 48 0
410 112 80 144 112 1 Full\sAdder 1\sHalf\\sAdder\s1\\sDPDT\\\\sRelay\\s0\\\\s2\\\\s0.2\\\\s0.00035968977771401114\\\\s0.05\\\\s1000000\\\\s0.02\\\\s125\\s0\s1\\sDPDT\\\\sRelay\\s0\\\\s2\\\\s0.2\\\\s0.000014237946118323883\\\\s0.05\\\\s1000000\\\\s0.02\\\\s125\\s0\s0\\s0\\s40\\s5\\s0\\s0\\s0.5\s0\\s0\\s40\\s5\\s0\\s0\\s0.5 1\sHalf\\sAdder\s1\\sDPDT\\\\sRelay\\s0\\\\s2\\\\s0.2\\\\s0.000004999368829682726\\\\s0.05\\\\s1000000\\\\s0.02\\\\s125\\s0\s1\\sDPDT\\\\sRelay\\s0\\\\s2\\\\s0.2\\\\s0.000009997500125090815\\\\s0.05\\\\s1000000\\\\s0.02\\\\s125\\s0\s0\\s0\\s40\\s5\\s0\\s0\\s0.5\s0\\s0\\s40\\s5\\s0\\s0\\s0.5
w 112 176 112 208 0
w 208 176 112 176 0
w 208 144 208 176 0
410 112 208 144 240 1 Full\sAdder 1\sHalf\\sAdder\s1\\sDPDT\\\\sRelay\\s0\\\\s2\\\\s0.2\\\\s0.0006883024982191127\\\\s0.05\\\\s1000000\\\\s0.02\\\\s125\\s0\s1\\sDPDT\\\\sRelay\\s0\\\\s2\\\\s0.2\\\\s0.00003368544372605097\\\\s0.05\\\\s1000000\\\\s0.02\\\\s125\\s0\s0\\s0\\s40\\s5\\s0\\s0\\s0.5\s0\\s0\\s40\\s5\\s0\\s0\\s0.5 1\sHalf\\sAdder\s1\\sDPDT\\\\sRelay\\s0\\\\s2\\\\s0.2\\\\s0.000004999368829682726\\\\s0.05\\\\s1000000\\\\s0.02\\\\s125\\s0\s1\\sDPDT\\\\sRelay\\s0\\\\s2\\\\s0.2\\\\s0.000009997500125090815\\\\s0.05\\\\s1000000\\\\s0.02\\\\s125\\s0\s0\\s0\\s40\\s5\\s0\\s0\\s0.5\s0\\s0\\s40\\s5\\s0\\s0\\s0.5
w 112 304 112 336 0
w 208 304 112 304 0
w 208 272 208 304 0
410 112 336 144 368 1 Full\sAdder 1\sHalf\\sAdder\s1\\sDPDT\\\\sRelay\\s0\\\\s2\\\\s0.2\\\\s0.0001520307472689228\\\\s0.05\\\\s1000000\\\\s0.02\\\\s125\\s0\s1\\sDPDT\\\\sRelay\\s0\\\\s2\\\\s0.2\\\\s0.00007944784944689004\\\\s0.05\\\\s1000000\\\\s0.02\\\\s125\\s0\s0\\s0\\s40\\s5\\s0\\s0\\s0.5\s0\\s0\\s40\\s5\\s0\\s0\\s0.5 1\sHalf\\sAdder\s1\\sDPDT\\\\sRelay\\s0\\\\s2\\\\s0.2\\\\s0.000004999368829682726\\\\s0.05\\\\s1000000\\\\s0.02\\\\s125\\s0\s1\\sDPDT\\\\sRelay\\s0\\\\s2\\\\s0.2\\\\s0.000009997500125090815\\\\s0.05\\\\s1000000\\\\s0.02\\\\s125\\s0\s0\\s0\\s40\\s5\\s0\\s0\\s0.5\s0\\s0\\s40\\s5\\s0\\s0\\s0.5
. Pulldown 0 1 1 1 pd 36 0 0 GroundElm\s35\rResistorElm\s36\s35 0\s0\\s10000
410 208 -112 304 -48 1 Pulldown 0 0\s10000
410 208 16 304 80 1 Pulldown 0 0\s10000
410 208 144 304 208 1 Pulldown 0 0\s10000
410 208 272 304 336 1 Pulldown 0 0\s10000
410 208 432 304 496 1 Pulldown 0 0\s10000
410 240 432 336 496 1 Pulldown 0 0\s10000
w 208 400 240 400 0
w 208 368 272 368 0
w 272 368 272 400 0
w 208 240 240 240 0
w 208 112 240 112 0
w 208 -16 240 -16 0
w 208 -144 240 -144 0
L 112 -176 96 -176 0 0 false 5 0
L 112 -144 96 -144 0 0 false 5 0
L 112 -112 96 -112 0 0 false 5 0
L 112 -16 96 -16 0 0 false 5 0
L 112 16 96 16 0 0 false 5 0
L 112 112 96 112 0 0 false 5 0
L 112 144 96 144 0 0 false 5 0
L 112 240 96 240 0 0 false 5 0
L 112 272 96 272 0 0 false 5 0
L 112 368 96 368 0 0 false 5 0
L 112 400 96 400 0 0 false 5 0
